2 1
3 1
5 1
7 6
11 2
13 6
17 16
19 18
23 22
29 28
31 15
37 3
41 5
43 21
47 46
53 13
59 58
61 60
67 33
71 35
73 8
79 13
83 41
89 44
97 96
101 4
103 34
107 53
109 108
113 112
127 42
131 130
137 8
139 46
149 148
151 75
157 78
163 81
167 166
173 43
179 178
181 180
191 95
193 192
197 98
199 99
211 30
223 222
227 113
229 228
233 232
239 7
241 30
251 50
257 256
263 262
269 268
271 5
277 69
281 28
283 141
293 146
307 153
311 155
313 312
317 79
331 110
337 336
347 173
349 116
353 32
359 179
367 366
373 186
379 378
383 382
389 388
397 99
401 200
409 204
419 418
421 140
431 215
433 432
439 219
443 221
449 32
457 152
461 460
463 154
467 233
479 239
487 486
491 490
499 498
503 502
509 508
521 52
523 261
541 540
547 91
557 278
563 281
569 284
571 570
577 576
587 293
593 592
599 299
601 300
607 202
613 51
617 88
619 618
631 315
641 32
643 107
647 646
653 326
659 658
661 220
673 224
677 338
683 341
691 230
701 700
709 708
719 359
727 726
733 61
739 246
743 742
751 125
757 27
761 380
769 192
773 193
787 393
797 199
809 202
811 810
821 820
823 822
827 413
829 276
839 419
853 213
857 856
859 26
863 862
877 438
881 440
883 441
887 886
907 151
911 455
919 459
929 464
937 936
941 940
947 473
953 952
967 322
971 970
977 976
983 982
991 495
997 166
